test001
test002
c001
c002
c003
c004
c005
e001
e002
e003
e004
e005
2024212103
2024215312
2024213259
2024215262
2024215302
2024215284
2024215311
2024213217
2024113001
2024211043
2024213244
2024215301
2024213223
2024212108
2024213239
2024213222
2023212112
2024215292
2024211064
2024215273
2024213201
2024211015
2024211011
2024211025
2020512013
2024215274
2023211010
2024215295
2024215298
2024212096
2024212099
2023212193
2024212177
2024213203
2024215322
2024211017
2024211031
2024215290
2024211076
2024212105
2024211021
2024211013
2024212091
2024211061
2024215271
2024211035
2024212100
2024113008
2024113005
2024212106
2023211092
2023213282
2024211071
2024113009
2024211046
2024212140
2024213252
2024215260
2024212089
2024212160