test001
test002
c001
c002
c003
c004
c005
e001
e002
e003
e004
e005
2023213232
2022212093
2024211037
2024215308
2022213320
2024211060
2024215291
2023213262
2024215305
2024212144
2024213236
2024212161
2023211086
2024215324
2024213188
2024215279
2024215304
2024215303
2022213276
2023212196
2024213190
2023213273
2022213273
2024213195
2024213221
2024212172
2024211033
2024113010
2024215289
2022213356
2024211023
2024215287
2024212120
2024211078
2022212097
2024212155
2024215320
2024211014
2024212149
2024213224
2022211070
2024211072
2024113004
2024215296
2024213250
2024215310
2024212124
2024215288
2024215282
2024211044
2024215285
2024215275
2024213209
2022213248
2022212121
2022211021
2022211014
2022212102
2022213321
2023215322