test001
test002
c001
c002
c003
c004
c005
e001
e002
e003
e004
e005
2024215261
2024212128
2024215319
2024215307
2024213219
2024212135
2024215269
2024212139
2024213218
2024213210
2023211090
2023213275
2024213255
2024213216
2024213196
2024213199
2024212126
2024213240
2024213243
2024213234
2024213249
2024213238
2024215299
2024212145
2024213251
2024213215
2024213247
2024213241
2024211066
2024213237
2023213251
2024211068
2024212134
2024212121
2024212180
2024212146
2024213185
2024213211
2024212119
2024211044
2023212198
2024213197
2023212158
2024213212
2023213252
2024212090
2023213209
2024215264
2024215309
2022212116
2023211055
2024213254
2024215317
2024215315
2024213225
2024211006
2024215323
2024215325
2024213208
2024213233